0.599861 0.217642 0.081056 0.101441
0.712187 0.238199 0.027471 0.022142
0.747826 0.088461 0.136067 0.027646
0.081194 0.675132 0.241791 0.001883
0.662752 0.201500 0.051078 0.084670
0.000010 0.000019 0.999961 0.000010
0.000010 0.041016 0.943622 0.015352
0.781803 0.000010 0.106024 0.112164
0.771527 0.097420 0.013468 0.117585
0.741685 0.193517 0.026949 0.037848
0.619148 0.309253 0.000010 0.071589
0.000010 0.816986 0.163673 0.019331
0.724581 0.105544 0.072796 0.097078
0.025414 0.000010 0.962800 0.011776
0.000010 0.995198 0.000010 0.004782
0.844608 0.006626 0.052081 0.096685
0.839049 0.000010 0.045077 0.115864
0.767076 0.092426 0.057309 0.083189
0.643319 0.279900 0.011802 0.064979
0.033505 0.868596 0.088955 0.008943
0.696862 0.055249 0.077676 0.170213
0.019048 0.015920 0.956446 0.008586
0.000010 0.000010 0.999970 0.000010
0.039372 0.942971 0.017647 0.000010
0.063881 0.935291 0.000010 0.000818
0.032371 0.894391 0.073228 0.000010
0.758548 0.054099 0.064091 0.123262
0.752949 0.068654 0.055299 0.123099
0.682293 0.214585 0.042771 0.060351
0.789119 0.029635 0.040653 0.140594
0.638764 0.002073 0.259683 0.099480
0.000010 0.028614 0.971366 0.000010
0.000010 0.057094 0.942886 0.000010
0.042961 0.932327 0.000010 0.024702
0.063343 0.890033 0.046613 0.000010
0.000010 0.999970 0.000010 0.000010
0.748379 0.039910 0.096008 0.115703
0.860273 0.022773 0.044843 0.072111
0.656980 0.161921 0.054752 0.126347
0.800803 0.000010 0.058777 0.140410
0.000010 0.000017 0.999963 0.000010
0.024481 0.955307 0.000010 0.020202
0.000010 0.999970 0.000010 0.000010
0.810232 0.055611 0.000010 0.134147
0.752947 0.053248 0.084296 0.109509
0.820556 0.027461 0.046970 0.105013
0.073019 0.901930 0.000010 0.025041
0.777531 0.000010 0.058361 0.164098
0.773664 0.059027 0.045834 0.121476
0.038495 0.000010 0.958106 0.003389
0.000010 0.000010 0.999970 0.000010
0.050573 0.888186 0.055307 0.005935
0.000010 0.999970 0.000010 0.000010
0.802171 0.023916 0.047468 0.126444
0.853974 0.000010 0.038933 0.107082
0.803813 0.003648 0.077710 0.114829
0.709624 0.086263 0.131758 0.072356
0.865827 0.035037 0.097509 0.001627
0.068802 0.789419 0.141769 0.000010
0.780667 0.146491 0.000010 0.072832
0.000010 0.000010 0.999970 0.000010
0.000010 0.000010 0.999970 0.000010
0.000010 0.999970 0.000010 0.000010
0.828068 0.027285 0.051762 0.092886
0.788887 0.040560 0.000010 0.170543
0.785839 0.000010 0.096508 0.117643
0.457715 0.440539 0.088460 0.013286
0.570494 0.208699 0.144793 0.076014
0.017105 0.844560 0.138325 0.000010
0.335021 0.588557 0.027032 0.049390
0.679480 0.136226 0.104360 0.079935
0.033503 0.020079 0.946408 0.000010
0.000010 0.000010 0.999970 0.000010
0.311443 0.643097 0.013901 0.031559
0.790640 0.037827 0.046621 0.124912
0.776001 0.015312 0.051066 0.157621
0.827070 0.035701 0.045539 0.091690
0.656839 0.161738 0.095139 0.086284
0.545721 0.276213 0.066237 0.111829
0.596045 0.229176 0.077430 0.097348
0.682643 0.118845 0.093836 0.104676
0.536314 0.365827 0.027694 0.070165
0.852437 0.000010 0.027196 0.120357
0.793069 0.000010 0.077427 0.129494
0.772566 0.017868 0.079727 0.129839
0.887618 0.000010 0.000010 0.112362
0.676717 0.234640 0.029916 0.058727
0.665281 0.198102 0.055690 0.080927
0.526186 0.279502 0.055328 0.138984
0.635828 0.190542 0.049169 0.124461
0.610240 0.160988 0.148367 0.080404
0.625125 0.251881 0.000010 0.122984
0.594093 0.296668 0.019180 0.090059
0.810249 0.069166 0.034157 0.086429
0.797428 0.052572 0.103249 0.046751
0.809513 0.000010 0.063194 0.127283
0.651063 0.224870 0.054398 0.069669
0.681681 0.213004 0.018863 0.086452
0.520906 0.313805 0.022712 0.142576
0.557103 0.231207 0.139220 0.072471
0.559461 0.275392 0.065783 0.099364
0.504780 0.271732 0.152553 0.070935
0.568942 0.283650 0.106914 0.040495
0.829291 0.000010 0.085128 0.085571
0.804011 0.041835 0.056125 0.098029
0.821815 0.030614 0.000010 0.147561
0.797100 0.000010 0.099345 0.103545
0.688739 0.199526 0.014463 0.097272
0.689255 0.146333 0.064638 0.099774
0.694902 0.222129 0.035482 0.047487
0.568786 0.300201 0.026872 0.104141
0.645997 0.183121 0.056012 0.114871
0.642789 0.272512 0.000010 0.084689
0.527238 0.292908 0.051821 0.128033
0.559579 0.348339 0.049543 0.042539
0.809262 0.022528 0.062482 0.105728
0.839085 0.023016 0.034176 0.103723
0.803010 0.053524 0.058553 0.084913
0.793884 0.000010 0.050435 0.155671
0.687015 0.186205 0.027787 0.098992
0.696761 0.194555 0.010952 0.097732
0.674880 0.232970 0.014161 0.077989
0.572387 0.228677 0.094033 0.104903
0.604684 0.230657 0.087837 0.076823
0.698660 0.238324 0.000010 0.063006
0.517041 0.344419 0.105717 0.032822
0.555589 0.250461 0.119005 0.074945
0.804961 0.050796 0.053527 0.090716
0.757552 0.000010 0.068440 0.173998
0.765699 0.055954 0.072679 0.105669
0.690284 0.166140 0.079045 0.064531
0.668171 0.211453 0.029841 0.090535
0.721392 0.135336 0.063360 0.079912
0.546798 0.248433 0.110976 0.093793
0.557163 0.254876 0.073263 0.114698
0.567191 0.281358 0.034243 0.117208
0.603344 0.301469 0.030850 0.064337
0.767935 0.079517 0.029003 0.123545
0.802228 0.062266 0.052580 0.082926
0.883897 0.000010 0.000010 0.116083
0.754978 0.048290 0.082127 0.114604
0.836305 0.017919 0.021292 0.124483
0.688879 0.189479 0.058622 0.063019
0.758898 0.114550 0.026835 0.099716
0.662870 0.206784 0.096335 0.034010
0.543444 0.245408 0.098649 0.112499
0.557163 0.254876 0.073263 0.114698
0.553562 0.351055 0.045070 0.050314
0.796913 0.030425 0.071903 0.100759
0.778697 0.057928 0.054010 0.109365
0.843478 0.000010 0.022952 0.133560
0.890582 0.000010 0.018235 0.091173
0.783386 0.000010 0.049783 0.166820
0.607863 0.226595 0.060007 0.105535
0.638134 0.216839 0.025594 0.119433
0.631240 0.236791 0.028697 0.103272
0.473247 0.389163 0.085248 0.052342
0.818550 0.001919 0.059395 0.120137
0.755285 0.054510 0.074737 0.115468
0.846038 0.000010 0.019425 0.134527
0.825618 0.000010 0.052026 0.122346
0.855440 0.104629 0.000010 0.039921
0.566460 0.229241 0.157791 0.046507
0.021150 0.932141 0.046698 0.000010
0.000010 0.955062 0.044918 0.000010
0.487413 0.324650 0.071262 0.116675
0.503145 0.290763 0.148103 0.057989
0.530617 0.151843 0.257561 0.059980
0.055736 0.926643 0.017611 0.000010
0.000010 0.943599 0.056381 0.000010
0.544175 0.277503 0.102565 0.075756
0.557055 0.212150 0.166714 0.064081
0.503458 0.277136 0.186425 0.032981
0.530073 0.229324 0.171838 0.068764
0.032173 0.923910 0.043907 0.000010
0.000010 0.904915 0.073202 0.021873
0.567019 0.234791 0.107486 0.090704
0.478282 0.297150 0.175832 0.048736
0.479289 0.131050 0.315328 0.074333
0.017416 0.950999 0.031575 0.000010
0.534582 0.259145 0.122735 0.083537
0.506604 0.330674 0.082435 0.080287
0.499096 0.325442 0.091637 0.083825
0.000010 0.980720 0.000010 0.019260
0.000010 0.923520 0.076460 0.000010
0.575595 0.306005 0.062268 0.056133
0.612951 0.278287 0.048760 0.060002
0.059397 0.940583 0.000010 0.000010
0.044276 0.895724 0.053890 0.006110
0.580307 0.267500 0.046328 0.105866
0.533930 0.276686 0.088850 0.100533
0.565302 0.187826 0.145130 0.101743
0.016718 0.972745 0.010527 0.000010
0.608875 0.240629 0.087675 0.062822
0.512350 0.223669 0.202671 0.061310
0.524659 0.240286 0.166024 0.069031
0.077667 0.807263 0.115059 0.000010
0.863516 0.016788 0.052821 0.066876
0.746565 0.083087 0.084956 0.085392
0.568831 0.230487 0.094504 0.106177
0.800770 0.044197 0.068502 0.086531
0.720193 0.124974 0.079126 0.075707
0.744231 0.091018 0.109425 0.055325
0.738863 0.060727 0.112108 0.088302
0.752217 0.165879 0.000010 0.081894
0.717036 0.057049 0.108946 0.116969
0.790250 0.000010 0.117162 0.092578
0.686559 0.184081 0.035758 0.093602
0.748837 0.114165 0.045773 0.091225
0.740388 0.064892 0.119329 0.075391
0.762275 0.072444 0.057703 0.107578
0.876670 0.082485 0.000010 0.040834
0.761269 0.077402 0.046974 0.114355
0.771134 0.067498 0.089891 0.071477
0.744512 0.128932 0.054946 0.071610
0.678144 0.129001 0.108212 0.084643
0.631070 0.181944 0.098668 0.088318
0.748280 0.046457 0.087594 0.117669
0.789120 0.036729 0.089310 0.084841
0.726449 0.029958 0.127436 0.116157
0.770657 0.078114 0.070920 0.080310
0.729064 0.156017 0.042574 0.072344
0.682871 0.170867 0.078657 0.067606
0.718425 0.153846 0.053495 0.074234
0.692702 0.213920 0.041949 0.051429
0.661518 0.159958 0.073603 0.104921
0.771545 0.138643 0.000010 0.089802
0.640173 0.113067 0.140352 0.106408
0.745598 0.065315 0.074613 0.114474
0.767989 0.120047 0.012502 0.099461
0.731202 0.074595 0.098110 0.096093
0.737599 0.154393 0.000010 0.107998
0.644100 0.166142 0.088276 0.101482
0.681316 0.144207 0.064780 0.109697
0.799120 0.070865 0.010863 0.119152
0.720378 0.072745 0.092383 0.114495
0.690324 0.096858 0.116312 0.096507
0.828241 0.050976 0.068640 0.052143
0.750682 0.109908 0.069694 0.069716
0.697346 0.083273 0.106969 0.112412
0.715451 0.113966 0.069317 0.101266
0.764054 0.053938 0.059706 0.122302
0.724446 0.151649 0.041380 0.082525
0.634624 0.199624 0.067010 0.098742
0.743862 0.093309 0.057664 0.105165
0.048385 0.951595 0.000010 0.000010
0.083912 0.873431 0.042647 0.000010
0.753380 0.131156 0.050895 0.064569
0.700788 0.176255 0.021853 0.101104
0.518398 0.395701 0.035963 0.049937
0.210807 0.726103 0.012775 0.050315
0.000010 0.908193 0.091787 0.000010
0.623154 0.244345 0.046732 0.085768
0.782950 0.139050 0.000010 0.077989
0.772256 0.153820 0.030934 0.042989
0.218705 0.721895 0.059390 0.000010
0.007787 0.992193 0.000010 0.000010
0.022400 0.977580 0.000010 0.000010
0.798327 0.034313 0.049229 0.118131
0.800775 0.121964 0.020501 0.056760
0.312869 0.640137 0.015134 0.031860
0.431054 0.449786 0.077231 0.041930
0.000010 0.981465 0.010344 0.008181
0.000010 0.960395 0.039585 0.000010
0.814637 0.045573 0.016656 0.123134
0.801715 0.095341 0.055579 0.047364
0.047342 0.889046 0.057747 0.005865
0.281660 0.667489 0.034456 0.016395
0.006812 0.940146 0.045537 0.007505
0.084812 0.852642 0.035155 0.027392
0.745372 0.072844 0.045572 0.136212
0.800612 0.059527 0.005975 0.133887
0.021393 0.962157 0.000010 0.016440
0.000010 0.972094 0.000010 0.027886
0.907209 0.000010 0.000010 0.092771
0.838791 0.039238 0.000010 0.121962
0.836001 0.000010 0.059186 0.104803
0.833143 0.000010 0.154830 0.012017
0.754928 0.011177 0.125320 0.108575
0.745956 0.122536 0.061456 0.070052
0.897114 0.000010 0.013773 0.089103
0.921893 0.000010 0.003195 0.074902
0.698367 0.113012 0.103951 0.084671
0.837593 0.000010 0.081414 0.080984
0.777535 0.068763 0.000010 0.153692
0.888014 0.010338 0.000010 0.101638
0.906029 0.000010 0.000010 0.093951
0.869062 0.000010 0.047389 0.083538
0.817904 0.000010 0.101611 0.080475
0.822689 0.087846 0.007114 0.082351
0.749031 0.147620 0.035702 0.067647
0.896909 0.000010 0.000550 0.102531
0.856328 0.044173 0.000010 0.099488
0.930049 0.000376 0.013996 0.055579
0.834988 0.000010 0.071679 0.093323
0.845313 0.000010 0.111576 0.043101
0.770738 0.137701 0.000010 0.091551
0.896104 0.000010 0.000010 0.103876
0.765323 0.128202 0.025772 0.080703
0.855838 0.000010 0.042842 0.101311
0.769840 0.093292 0.069536 0.067331
0.786688 0.071741 0.056087 0.085484
0.786272 0.130059 0.018361 0.065308
0.865141 0.000010 0.069188 0.065662
0.873096 0.000010 0.060127 0.066767
0.887128 0.031084 0.000010 0.081778
0.879505 0.000010 0.077718 0.042767
0.768708 0.123720 0.011402 0.096171
0.770831 0.170189 0.000010 0.058969
0.878320 0.000010 0.061492 0.060179
0.881143 0.000010 0.070033 0.048814
0.761890 0.050898 0.104395 0.082816
0.804848 0.118465 0.000010 0.076677
0.772306 0.135336 0.004112 0.088247
0.879003 0.000010 0.000010 0.120977
0.876326 0.000010 0.000010 0.123654
0.769343 0.078871 0.075967 0.075818
0.844896 0.049439 0.000010 0.105655
0.755764 0.144332 0.000010 0.099894
0.780186 0.159633 0.000010 0.060171
0.682828 0.172155 0.071831 0.073186
0.567814 0.222332 0.083971 0.125883
0.742142 0.062510 0.062362 0.132986
0.756299 0.019261 0.115473 0.108967
0.694643 0.105704 0.089516 0.110137
0.768740 0.065787 0.019359 0.146114
0.529607 0.207321 0.163448 0.099625
0.672817 0.216085 0.042854 0.068244
0.835002 0.039934 0.111070 0.013993
0.597498 0.270993 0.061751 0.069758
0.589877 0.304876 0.013922 0.091324
0.622497 0.174611 0.079124 0.123769
0.633427 0.189601 0.077187 0.099784
0.642787 0.130619 0.122495 0.104099
0.752349 0.111178 0.072026 0.064447
0.549301 0.198205 0.162644 0.089850
0.814283 0.131192 0.027483 0.027042
0.562062 0.213057 0.143341 0.081541
0.742301 0.145451 0.000010 0.112238
0.682319 0.140666 0.071821 0.105194
0.635888 0.172211 0.106639 0.085261
0.000010 0.999970 0.000010 0.000010
0.000010 0.985251 0.000010 0.014729
0.000010 0.999970 0.000010 0.000010
0.040500 0.959480 0.000010 0.000010
0.000010 0.999970 0.000010 0.000010
0.235774 0.747662 0.008974 0.007591
0.529325 0.384400 0.036755 0.049520
0.667409 0.254172 0.027446 0.050972
0.706573 0.225779 0.000010 0.067638
0.725237 0.244253 0.000010 0.030500
0.785136 0.088054 0.032482 0.094328
0.608878 0.270942 0.086811 0.033369
0.789482 0.111413 0.010250 0.088855
0.745293 0.189876 0.003596 0.061234
0.748137 0.109175 0.088575 0.054113
0.778661 0.135448 0.035015 0.050876
0.765673 0.104116 0.058079 0.072132
0.690092 0.143704 0.087652 0.078552
0.695878 0.222567 0.000010 0.081545
0.766764 0.212209 0.007466 0.013560
0.678720 0.221578 0.044292 0.055411
0.805116 0.117854 0.000010 0.077020
0.617858 0.323256 0.025471 0.033415
0.745436 0.104301 0.062561 0.087702
0.676188 0.242544 0.000010 0.081258
0.560934 0.275610 0.155300 0.008155
0.585719 0.347425 0.000010 0.066846
0.587333 0.274857 0.108283 0.029528
0.080897 0.906995 0.012098 0.000010
0.090427 0.903539 0.006024 0.000010
0.052401 0.886883 0.060706 0.000010
0.097254 0.800881 0.087388 0.014476
0.013443 0.967016 0.019531 0.000010
0.000010 0.912473 0.087507 0.000010
0.014019 0.935411 0.050560 0.000010
0.049336 0.883850 0.066804 0.000010
0.009746 0.919729 0.070515 0.000010
0.019166 0.849206 0.121007 0.010621
0.000010 0.992792 0.005902 0.001296
0.002713 0.927005 0.068624 0.001658
0.054886 0.897672 0.047433 0.000010
0.180952 0.789745 0.029293 0.000010
0.087210 0.876476 0.036304 0.000010
0.638584 0.265032 0.016521 0.079863
0.715737 0.149239 0.083195 0.051828
0.702432 0.223032 0.015015 0.059521
0.658931 0.183121 0.068240 0.089707
0.692630 0.192588 0.042123 0.072659
0.669408 0.194260 0.071412 0.064920
0.668038 0.239714 0.034987 0.057262
0.713202 0.189821 0.000010 0.096967
0.679684 0.158767 0.088238 0.073311
0.666216 0.197166 0.068652 0.067966
0.692870 0.170647 0.037743 0.098740
0.704966 0.183995 0.034644 0.076395
0.707803 0.196978 0.041007 0.054213
0.693503 0.192582 0.024263 0.089652
0.654620 0.211838 0.012323 0.121219
0.603774 0.194779 0.104392 0.097055
0.666279 0.201853 0.047279 0.084589
0.653883 0.193012 0.038825 0.114280
0.652481 0.198391 0.052093 0.097035
0.661036 0.193621 0.064361 0.080981
0.648774 0.182137 0.084056 0.085033
0.621226 0.200283 0.039754 0.138738
0.654200 0.175572 0.061003 0.109225
0.645445 0.232161 0.024244 0.098150
0.657654 0.222915 0.018154 0.101277
0.656621 0.199619 0.059258 0.084502
0.316840 0.627677 0.054420 0.001063
0.486043 0.233298 0.278459 0.002200
0.492060 0.311467 0.154874 0.041598
0.568883 0.280648 0.078643 0.071826
0.810676 0.000010 0.017716 0.171597
0.367630 0.578172 0.030133 0.024065
0.446128 0.137900 0.332454 0.083518
0.522614 0.204918 0.210541 0.061927
0.533433 0.204576 0.217666 0.044326
0.804383 0.000010 0.045529 0.150078
0.590601 0.170984 0.171718 0.066697
0.531401 0.249020 0.168939 0.050640
0.554865 0.252757 0.121496 0.070882
0.559911 0.197486 0.168558 0.074045
0.302795 0.630822 0.034678 0.031705
0.593675 0.239077 0.122138 0.045109
0.539856 0.263728 0.124811 0.071606
0.577420 0.235369 0.116396 0.070815
0.598027 0.258455 0.072811 0.070707
0.548610 0.185579 0.178989 0.086821
0.459945 0.284373 0.136309 0.119373
0.547205 0.257705 0.112070 0.083020
0.300777 0.591557 0.055024 0.052643
0.515507 0.193530 0.187983 0.102980
0.577625 0.216822 0.156805 0.048749
0.528153 0.226224 0.183254 0.062368
0.848590 0.000010 0.056607 0.094793
0.501434 0.215027 0.211914 0.071624
0.531267 0.176602 0.227366 0.064765
0.489601 0.235740 0.263609 0.011050
0.494707 0.268118 0.178547 0.058628
0.544553 0.179850 0.197830 0.077767
0.610845 0.196766 0.098678 0.093710
0.525670 0.307273 0.079019 0.088038
0.699487 0.150333 0.108329 0.041851
0.644269 0.195176 0.035461 0.125095
0.609850 0.263635 0.050164 0.076351
0.640783 0.221240 0.050789 0.087189
0.676077 0.157374 0.089656 0.076893
0.612975 0.197709 0.110355 0.078961
0.677146 0.192087 0.087310 0.043457
0.694216 0.214284 0.058692 0.032808
0.669962 0.135589 0.133050 0.061399
0.627826 0.223037 0.077998 0.071139
0.642150 0.163436 0.099999 0.094414
0.686830 0.249332 0.000010 0.063828
0.639946 0.305511 0.008033 0.046509
0.684052 0.164786 0.070148 0.081014
0.609345 0.201891 0.089263 0.099501
0.727710 0.180381 0.041629 0.050279
0.649641 0.174310 0.146316 0.029733
0.645058 0.197416 0.100533 0.056993
0.710346 0.212713 0.000010 0.076932
0.594717 0.280247 0.037171 0.087865
0.682852 0.215616 0.038292 0.063241
0.681772 0.176700 0.068266 0.073263
0.617309 0.317128 0.000010 0.065552
0.619851 0.144196 0.152261 0.083692
0.697325 0.170154 0.015742 0.116780
0.621240 0.285756 0.000010 0.092994
0.682264 0.246574 0.046071 0.025091
0.697825 0.187777 0.071876 0.042522
0.671349 0.187470 0.076555 0.064625
0.656948 0.154870 0.111990 0.076191
0.614284 0.196954 0.109831 0.078932
0.687806 0.213929 0.006657 0.091608
0.626022 0.259975 0.032795 0.081207
0.664950 0.247725 0.029191 0.058135
0.623359 0.213060 0.064084 0.099497
0.734300 0.142004 0.001609 0.122087
0.687227 0.176434 0.032060 0.104279
0.702204 0.192504 0.041492 0.063800
0.596511 0.255910 0.074505 0.073075
0.617271 0.254263 0.006535 0.121931
0.740879 0.173525 0.039092 0.046503
0.711285 0.108484 0.100302 0.079929
0.639982 0.259263 0.015722 0.085033
0.671001 0.276121 0.015663 0.037215
0.668791 0.169510 0.092966 0.068733
0.650333 0.154738 0.120619 0.074310
0.672021 0.218029 0.027340 0.082610
0.674584 0.162312 0.088826 0.074278
0.838960 0.061549 0.000010 0.099481
0.604249 0.175530 0.090709 0.129513
0.679021 0.276401 0.012061 0.032517
0.718746 0.223964 0.034874 0.022416
0.654791 0.185315 0.083925 0.075970
0.666529 0.189843 0.076860 0.066768
0.048843 0.924284 0.010601 0.016272
0.532128 0.284682 0.089268 0.093922
0.619403 0.304896 0.000010 0.075691
0.634484 0.185334 0.118796 0.061387
0.674743 0.202055 0.059035 0.064167
0.724940 0.108952 0.083230 0.082877
0.535038 0.268004 0.102163 0.094795
0.663374 0.149704 0.117093 0.069829
0.666336 0.104812 0.180347 0.048505
0.662488 0.282724 0.000010 0.054778
0.573497 0.226527 0.123014 0.076962
0.755128 0.132922 0.069211 0.042739
0.597657 0.245779 0.096239 0.060326
0.614971 0.224434 0.091581 0.069013
0.779707 0.129957 0.000010 0.090326
0.654877 0.240429 0.050183 0.054512
0.731692 0.065618 0.065598 0.137092
0.751945 0.189799 0.000587 0.057668
0.793330 0.061259 0.051882 0.093528
0.682090 0.158972 0.074055 0.084884
0.754061 0.123643 0.000010 0.122286
0.694762 0.132441 0.065383 0.107413
0.579029 0.381369 0.019667 0.019935
0.616163 0.166394 0.153031 0.064413
0.672282 0.276499 0.041856 0.009363
0.659065 0.238101 0.014945 0.087889
0.670583 0.203445 0.044864 0.081107
0.801249 0.031773 0.067490 0.099487
0.576702 0.315040 0.003505 0.104754
0.638608 0.324292 0.000010 0.037090
0.680483 0.219294 0.058267 0.041956
0.728725 0.134108 0.061345 0.075823
0.365207 0.608727 0.000010 0.026056
0.652512 0.242504 0.089260 0.015725
0.474971 0.344387 0.143081 0.037561
0.538276 0.190279 0.222171 0.049274
0.715736 0.129899 0.047007 0.107359
0.785257 0.106778 0.000010 0.107956
0.431798 0.459201 0.080309 0.028693
0.639320 0.273171 0.045896 0.041613
0.652012 0.155786 0.060796 0.131405
0.790771 0.079652 0.074031 0.055545
0.491637 0.361683 0.105859 0.040821
0.618182 0.305805 0.062503 0.013510
0.632974 0.234538 0.057786 0.074702
0.680304 0.164819 0.070383 0.084493
0.803704 0.095006 0.000010 0.101280
0.436829 0.399269 0.117007 0.046896
0.516838 0.362988 0.061860 0.058314
0.647014 0.195414 0.153162 0.004411
0.655080 0.257971 0.034660 0.052290
0.661566 0.221753 0.000010 0.116671
0.782876 0.076750 0.037981 0.102393
0.000010 0.999970 0.000010 0.000010
0.554905 0.180354 0.184303 0.080438
0.530242 0.343649 0.058418 0.067690
0.640580 0.197008 0.078661 0.083751
0.749984 0.141582 0.026313 0.082121
0.000010 0.999970 0.000010 0.000010
0.758175 0.183914 0.000010 0.057901
0.584863 0.166958 0.171307 0.076872
0.600161 0.368744 0.000010 0.031085
0.626080 0.310665 0.028181 0.035075
0.655502 0.169004 0.108566 0.066928
0.742687 0.197228 0.000010 0.060074
0.617160 0.224026 0.061484 0.097329
0.607840 0.250058 0.049428 0.092673
0.693836 0.223716 0.021408 0.061041
0.621886 0.207706 0.073554 0.096854
0.152124 0.829686 0.000010 0.018180
0.609041 0.268788 0.090428 0.031743
0.036835 0.963145 0.000010 0.000010
0.113079 0.836344 0.050567 0.000010
0.180156 0.808368 0.011466 0.000010
0.112843 0.800096 0.087051 0.000010
0.018060 0.934363 0.047567 0.000010
0.081441 0.918539 0.000010 0.000010
0.108312 0.862191 0.029487 0.000010
0.049603 0.915397 0.003904 0.031096
0.123032 0.825763 0.051195 0.000010
0.036808 0.918156 0.045026 0.000010
0.075572 0.893254 0.031164 0.000010
0.051647 0.907169 0.039026 0.002158
0.761435 0.155619 0.000010 0.082937
0.265605 0.635680 0.098705 0.000010
0.165699 0.802165 0.025702 0.006434
0.692671 0.136774 0.094918 0.075636
0.769376 0.156699 0.049166 0.024759
0.184079 0.772973 0.011884 0.031064
0.204758 0.754491 0.000010 0.040740
0.354494 0.621591 0.000010 0.023905
0.644506 0.227398 0.052922 0.075174
0.805039 0.007630 0.078308 0.109022
0.243848 0.655458 0.052225 0.048468
0.300397 0.676293 0.011862 0.011448
0.338854 0.614580 0.024324 0.022241
0.678346 0.271808 0.000010 0.049837
0.694146 0.258591 0.003949 0.043314
0.329153 0.656488 0.000010 0.014349
0.190464 0.756983 0.028876 0.023678
0.688430 0.127652 0.158232 0.025686
0.685826 0.063559 0.226175 0.024440
0.429651 0.490290 0.043445 0.036614
0.320569 0.620155 0.059266 0.000010
0.749325 0.120654 0.051743 0.078278
0.661604 0.156011 0.111503 0.070883
0.211288 0.767489 0.000010 0.021213
0.270935 0.729045 0.000010 0.000010
0.204267 0.760431 0.025332 0.009969
0.168187 0.724227 0.068162 0.039425
0.158235 0.807852 0.003687 0.030226
0.278410 0.721570 0.000010 0.000010
0.225182 0.774798 0.000010 0.000010
0.227281 0.762620 0.000010 0.010089
0.369934 0.628463 0.000010 0.001593
0.135192 0.816674 0.009626 0.038508
0.275089 0.724891 0.000010 0.000010
0.231815 0.745741 0.018095 0.004348
0.158073 0.754140 0.052917 0.034869
0.294876 0.637832 0.067282 0.000010
0.212912 0.783913 0.000010 0.003165
0.334442 0.615583 0.013231 0.036743
0.171310 0.823983 0.000010 0.004697
0.234019 0.747762 0.004685 0.013534
0.162745 0.763732 0.058028 0.015495
0.843422 0.070780 0.018280 0.067518
0.754030 0.092680 0.084434 0.068855
0.774774 0.097606 0.074331 0.053289
0.706723 0.128331 0.080996 0.083950
0.634083 0.238462 0.051018 0.076437
0.695361 0.204578 0.040009 0.060052
0.516145 0.262406 0.112915 0.108535
0.777542 0.087105 0.039970 0.095384
0.749026 0.158069 0.020660 0.072245
0.712175 0.222227 0.026042 0.039556
0.622225 0.195735 0.106761 0.075279
0.738367 0.189367 0.072256 0.000010
0.706754 0.145939 0.035416 0.111891
0.751798 0.090538 0.090962 0.066702
0.680233 0.192995 0.084310 0.042462
0.636630 0.178395 0.088392 0.096583
0.439879 0.419948 0.083879 0.056294
0.711748 0.188120 0.004547 0.095585
0.744697 0.129044 0.027506 0.098753
0.657130 0.188002 0.056555 0.098314
0.764789 0.141013 0.002651 0.091547
0.664709 0.178408 0.073349 0.083534
0.791317 0.087557 0.046630 0.074496
0.792634 0.041936 0.067272 0.098157
0.697315 0.157576 0.082325 0.062785
0.687936 0.166888 0.040562 0.104614
0.717292 0.248751 0.000010 0.033947
0.843198 0.080202 0.009477 0.067122
0.676674 0.201226 0.024738 0.097362
0.635273 0.210622 0.074754 0.079351
0.589713 0.227374 0.109997 0.072916
0.681472 0.144447 0.067985 0.106097
0.777461 0.000010 0.133823 0.088706
0.467505 0.262469 0.152839 0.117188
0.611558 0.189050 0.125706 0.073687
0.000010 0.902975 0.081070 0.015945
0.036963 0.874013 0.079146 0.009878
0.014665 0.860075 0.125250 0.000010
0.367853 0.555406 0.031120 0.045621
0.003928 0.874619 0.100079 0.021374
0.781122 0.119541 0.019133 0.080204
0.386438 0.485898 0.106289 0.021375
0.132431 0.775268 0.090361 0.001940
0.736440 0.166039 0.066246 0.031275
0.040148 0.832237 0.095891 0.031725
0.795337 0.086608 0.044122 0.073932
0.707385 0.134445 0.051465 0.106706
0.406420 0.297427 0.165203 0.130951
0.693488 0.082977 0.055183 0.168352
0.777605 0.068727 0.020203 0.133464
0.891066 0.000010 0.010805 0.098119
0.893222 0.000010 0.000010 0.106758
0.844167 0.010688 0.051841 0.093304
0.776235 0.149002 0.025005 0.049759
0.844286 0.000010 0.035617 0.120087
0.835538 0.000010 0.089646 0.074806
0.802367 0.023439 0.114264 0.059929
0.613094 0.240922 0.058856 0.087128
0.841299 0.006365 0.004693 0.147643
0.000010 0.833676 0.166304 0.000010
0.835667 0.000010 0.104052 0.060272
0.864119 0.000010 0.026811 0.109059
0.835405 0.000010 0.064324 0.100262
0.113886 0.762490 0.123614 0.000010
0.810953 0.068313 0.000010 0.120724
0.723998 0.073508 0.087221 0.115274
0.193389 0.688789 0.107814 0.010008
0.124964 0.875016 0.000010 0.000010
0.842793 0.000010 0.068027 0.089169
0.857699 0.000010 0.042094 0.100197
0.773524 0.165779 0.000010 0.060687
0.000010 0.999970 0.000010 0.000010
0.953807 0.009674 0.000010 0.036509
0.641535 0.243618 0.071777 0.043070
0.826187 0.005812 0.089921 0.078080
0.879233 0.014679 0.000010 0.106078
0.834907 0.054445 0.017802 0.092846
0.885269 0.000010 0.000010 0.114711
0.743324 0.203239 0.048917 0.004521
0.840346 0.000010 0.033194 0.126450
0.793347 0.053980 0.059262 0.093410
0.794264 0.106135 0.000010 0.099591
0.743286 0.134162 0.033146 0.089406
0.790320 0.174006 0.000010 0.035664
0.781168 0.087847 0.040914 0.090071
0.757697 0.130987 0.047742 0.063575
0.743001 0.158265 0.018648 0.080086
0.753552 0.178855 0.000010 0.067584
0.821001 0.129293 0.000010 0.049695
0.777142 0.143197 0.000010 0.079651
0.727360 0.108502 0.036611 0.127527
0.710811 0.188869 0.000010 0.100310
0.716492 0.203415 0.000010 0.080084
0.809470 0.056914 0.042719 0.090898
0.722130 0.139744 0.005059 0.133067
0.731658 0.150591 0.013576 0.104176
0.777937 0.093693 0.011590 0.116780
0.760810 0.080243 0.073336 0.085610
0.752620 0.120447 0.000010 0.126923
0.812100 0.078492 0.000010 0.109398
0.790268 0.127165 0.008871 0.073696
0.742751 0.200006 0.010245 0.046998
0.547708 0.261412 0.141358 0.049521
0.669663 0.208232 0.040419 0.081686
0.055736 0.935146 0.009107 0.000010
0.023685 0.943517 0.032787 0.000010
0.041138 0.958842 0.000010 0.000010
0.552848 0.334761 0.060398 0.051994
0.589980 0.197149 0.191254 0.021617
0.726276 0.208498 0.022410 0.042816
0.023806 0.946185 0.029999 0.000010
0.038250 0.961730 0.000010 0.000010
0.564355 0.255173 0.150637 0.029836
0.469419 0.157425 0.293513 0.079643
0.033988 0.965992 0.000010 0.000010
0.037911 0.962069 0.000010 0.000010
0.044833 0.955147 0.000010 0.000010
0.665601 0.266822 0.039146 0.028432
0.559764 0.252887 0.120138 0.067211
0.051695 0.904942 0.036911 0.006451
0.081960 0.899908 0.018121 0.000010
0.054286 0.927502 0.011952 0.006259
0.599992 0.363534 0.034325 0.002149
0.501797 0.177899 0.258813 0.061491
0.050859 0.949121 0.000010 0.000010
0.057934 0.942046 0.000010 0.000010
0.050774 0.940922 0.006190 0.002114
0.688250 0.231745 0.043696 0.036310
0.503342 0.192324 0.262300 0.042034
0.524544 0.378784 0.074115 0.022557
0.036415 0.906966 0.033631 0.022989
0.044708 0.941594 0.013688 0.000010
0.026654 0.907929 0.042128 0.023289
0.070020 0.921295 0.001795 0.006890
0.708723 0.246964 0.000010 0.044303
0.026654 0.907929 0.042128 0.023289
0.067317 0.922439 0.003108 0.007136
0.000010 0.948394 0.051586 0.000010
0.759983 0.105499 0.075679 0.058839
0.763373 0.098145 0.085402 0.053081
0.862875 0.042533 0.028019 0.066573
0.729175 0.085386 0.100128 0.085310
0.763267 0.096619 0.086932 0.053182
0.009908 0.985355 0.000010 0.004727
0.860856 0.044875 0.027350 0.066919
0.723169 0.159053 0.020084 0.097694
0.647111 0.281818 0.042126 0.028945
0.598795 0.215985 0.117555 0.067666
0.455349 0.437164 0.047716 0.059772
0.487608 0.379805 0.077873 0.054713
0.514491 0.367237 0.103115 0.015157
0.651536 0.199341 0.079787 0.069336
0.434139 0.425522 0.102766 0.037573
0.494729 0.423471 0.033362 0.048438
0.462394 0.426499 0.056051 0.055056
0.661356 0.171151 0.072496 0.094997
0.641181 0.225761 0.087970 0.045087
0.521047 0.378638 0.053137 0.047178
0.613845 0.352685 0.000010 0.033461
0.664401 0.234462 0.063000 0.038137
0.621347 0.318979 0.034135 0.025539
0.511841 0.296464 0.144933 0.046762
0.707655 0.231941 0.060393 0.000010
0.635726 0.228601 0.096357 0.039316
0.714997 0.231037 0.027895 0.026071
0.645011 0.195626 0.089221 0.070142
0.645882 0.197203 0.112281 0.044634
0.705059 0.121220 0.087758 0.085963
0.650476 0.250140 0.037814 0.061570
0.704974 0.194010 0.002607 0.098409
0.013699 0.000010 0.986280 0.000010
0.352794 0.192144 0.136371 0.318691
0.351199 0.184272 0.144079 0.320450
0.068331 0.000010 0.912708 0.018951
0.081203 0.000010 0.918777 0.000010
0.367473 0.168679 0.148482 0.315365
0.374527 0.213561 0.096050 0.315862
0.914925 0.026466 0.000010 0.058600
0.716724 0.237668 0.000010 0.045598
0.461748 0.399429 0.076259 0.062565
0.554281 0.351614 0.057365 0.036740
0.819411 0.020918 0.056811 0.102859
0.541704 0.220775 0.120586 0.116934
0.554723 0.233360 0.128904 0.083014
0.620886 0.159514 0.100205 0.119395
0.624130 0.259756 0.059259 0.056855
0.025792 0.924693 0.049505 0.000010
0.554548 0.322300 0.065556 0.057596
0.011410 0.942058 0.030626 0.015905
0.782770 0.034479 0.085099 0.097653
0.609294 0.281994 0.060214 0.048499
0.080275 0.919705 0.000010 0.000010
0.629403 0.262637 0.032543 0.075417
0.051170 0.902143 0.046390 0.000297
0.538008 0.382973 0.058241 0.020779
0.645174 0.266581 0.000010 0.088235
0.496248 0.369789 0.082005 0.051958
0.043323 0.929276 0.027392 0.000010
0.652535 0.307418 0.025244 0.014802
0.481736 0.368471 0.042591 0.107203
0.424401 0.392614 0.041553 0.141432
0.908867 0.000010 0.011851 0.079273
0.556138 0.313054 0.038289 0.092519
0.405386 0.359893 0.124599 0.110121
0.000010 0.919278 0.080702 0.000010
0.463855 0.294333 0.135593 0.106219
0.631639 0.274489 0.051216 0.042656
0.573850 0.374749 0.018392 0.033010
0.449762 0.424632 0.004385 0.121220
0.498995 0.315200 0.097987 0.087818
0.000010 0.981340 0.000010 0.018640
0.817070 0.015820 0.098738 0.068373
0.701624 0.195781 0.034700 0.067895
0.816788 0.131084 0.013036 0.039091
0.593987 0.344456 0.000010 0.061547
0.856019 0.039231 0.066124 0.038627
0.745385 0.225122 0.000010 0.029483
0.779999 0.145295 0.040783 0.033923
0.709149 0.182788 0.037895 0.070168
0.665164 0.272366 0.000010 0.062460
0.750660 0.098014 0.102216 0.049110
0.816145 0.088950 0.053451 0.041454
0.751053 0.205019 0.035654 0.008273
0.772229 0.191228 0.036533 0.000010
0.672626 0.234917 0.084002 0.008455
0.717375 0.201193 0.058907 0.022525
0.612586 0.274087 0.080092 0.033235
0.859162 0.081309 0.008813 0.050716
0.592514 0.339890 0.011341 0.056255
0.599195 0.283883 0.060149 0.056773
0.670873 0.188629 0.042292 0.098205
0.602072 0.295134 0.052122 0.050671
0.818782 0.066970 0.006145 0.108103
0.655079 0.191322 0.130650 0.022949
0.541191 0.371139 0.015360 0.072311
0.612420 0.286759 0.052973 0.047848
0.656263 0.303574 0.040154 0.000010
0.652879 0.262064 0.004922 0.080135
0.578162 0.341498 0.000010 0.080329
0.710175 0.289805 0.000010 0.000010
0.609724 0.330421 0.031018 0.028837
0.633410 0.315754 0.038656 0.012179
0.692993 0.213941 0.075658 0.017409
0.590951 0.311715 0.005607 0.091728
0.691770 0.139297 0.115271 0.053662
0.841904 0.028209 0.095238 0.034650
0.666311 0.269513 0.029073 0.035103
0.623500 0.258170 0.046726 0.071604
0.787399 0.164126 0.000010 0.048465
0.827239 0.048665 0.120179 0.003918
0.842289 0.070799 0.080785 0.006127
0.722702 0.257230 0.020058 0.000010
0.641990 0.263342 0.034631 0.060036
0.759482 0.105705 0.115987 0.018826
0.736076 0.214034 0.000783 0.049107
0.660404 0.237354 0.067439 0.034804
0.696032 0.202658 0.055823 0.045487
0.703681 0.216692 0.025616 0.054011
0.609438 0.361691 0.014088 0.014783
0.672056 0.243890 0.040130 0.043924
0.744030 0.202766 0.036528 0.016676
0.737170 0.186928 0.075892 0.000010
0.666610 0.149352 0.119068 0.064970
0.712728 0.217447 0.014116 0.055709
0.694631 0.123317 0.130766 0.051286
0.673810 0.300189 0.000010 0.025992
0.733010 0.253424 0.013557 0.000010
0.572896 0.288658 0.067686 0.070759
0.711378 0.161842 0.056952 0.069828
0.668128 0.237692 0.093560 0.000621
0.673078 0.170938 0.051520 0.104465
0.738817 0.220691 0.033777 0.006715
0.644514 0.263834 0.067737 0.023916
0.724260 0.090409 0.120319 0.065012
0.598989 0.220338 0.125022 0.055651
0.669578 0.257693 0.071617 0.001112
0.599915 0.370098 0.001290 0.028697
0.633919 0.251553 0.068393 0.046135
0.738516 0.161765 0.055604 0.044115
0.591876 0.270984 0.059586 0.077555
0.641003 0.232350 0.069468 0.057179
0.693440 0.220563 0.062773 0.023223
0.601597 0.281612 0.101147 0.015644
0.630264 0.197556 0.106422 0.065758
0.681239 0.137364 0.085027 0.096370
0.620780 0.339158 0.000010 0.040052
0.695393 0.227234 0.040898 0.036475
0.694341 0.216569 0.078056 0.011033
0.776081 0.182372 0.023801 0.017746
0.684078 0.230248 0.000010 0.085664
0.754903 0.185031 0.000010 0.060055
0.599553 0.366372 0.034065 0.000010
0.688476 0.170156 0.096797 0.044571
0.768610 0.123786 0.074505 0.033099
0.724741 0.177227 0.064924 0.033108
0.643206 0.218733 0.129563 0.008498
0.642044 0.296542 0.017336 0.044077
0.615144 0.339302 0.000010 0.045544
0.837439 0.038329 0.047039 0.077193
0.845702 0.057166 0.018104 0.079029
0.901861 0.067055 0.000010 0.031073
0.832082 0.048647 0.048410 0.070861
0.819038 0.074273 0.059284 0.047405
0.645363 0.175955 0.092079 0.086603
0.789445 0.000010 0.116879 0.093667
0.824121 0.105978 0.004936 0.064965
0.877801 0.007673 0.023793 0.090733
0.791126 0.000010 0.085725 0.123139
0.222885 0.358616 0.000010 0.418489
0.849263 0.051584 0.014931 0.084222
0.210904 0.375389 0.000010 0.413697
0.865457 0.000010 0.014561 0.119972
0.752187 0.016214 0.116151 0.115447
0.236703 0.354600 0.000010 0.408687
0.820238 0.030308 0.077255 0.072199
0.210226 0.343345 0.022257 0.424172
0.192007 0.360351 0.018760 0.428881
0.859384 0.000010 0.064864 0.075743
0.227156 0.330989 0.019070 0.422784
0.808891 0.000010 0.109978 0.081121
0.857449 0.000010 0.056194 0.086347
0.242529 0.341658 0.000010 0.415804
0.816428 0.000609 0.043653 0.139310
0.807486 0.064194 0.097144 0.031175
0.241577 0.341763 0.000010 0.416650
0.829476 0.000010 0.112640 0.057875
0.819923 0.059939 0.095699 0.024439
0.226245 0.333267 0.024759 0.415729
0.865784 0.004651 0.070321 0.059244
0.830942 0.026810 0.054849 0.087398
0.730748 0.057696 0.118220 0.093336
0.701602 0.151304 0.129241 0.017853
0.770076 0.103755 0.089576 0.036593
0.839271 0.020211 0.083659 0.056859
0.911458 0.000010 0.000010 0.088522
0.731966 0.112582 0.120305 0.035147
0.680251 0.264063 0.027650 0.028036
0.693074 0.094279 0.212637 0.000010
0.806920 0.048267 0.088261 0.056552
0.862350 0.000010 0.059883 0.077757
0.857357 0.045598 0.017845 0.079199
0.831917 0.040484 0.098858 0.028741
0.579988 0.290197 0.096219 0.033595
0.855305 0.056367 0.010283 0.078046
0.756770 0.144269 0.097183 0.001777
0.747246 0.168696 0.064410 0.019648
0.750995 0.088296 0.132322 0.028387
0.761499 0.099110 0.060192 0.079200
0.765664 0.089937 0.081280 0.063118
0.713982 0.186551 0.070016 0.029451
0.844829 0.000010 0.084240 0.070921
0.727942 0.186583 0.054419 0.031056
0.691738 0.234649 0.021084 0.052530
0.707337 0.109766 0.127260 0.055638
0.749609 0.105529 0.094419 0.050443
0.585601 0.343349 0.051974 0.019076
0.596520 0.315507 0.087963 0.000010
0.439002 0.543525 0.017464 0.000010
0.734036 0.211464 0.038576 0.015924
0.676892 0.195732 0.086603 0.040773
0.746048 0.121574 0.118896 0.013482
0.680507 0.209584 0.052214 0.057696
0.663772 0.244583 0.091636 0.000010
0.749171 0.245556 0.004876 0.000398
0.772869 0.080057 0.109101 0.037972
0.819102 0.033871 0.065487 0.081541
0.790139 0.055360 0.104537 0.049964
0.853745 0.116686 0.004669 0.024900
0.832032 0.092924 0.001628 0.073416
0.886412 0.027028 0.030863 0.055697
0.454238 0.450517 0.080891 0.014354
0.860687 0.063173 0.064577 0.011564
0.847656 0.000010 0.040686 0.111649
0.828699 0.000010 0.098322 0.072969
0.846809 0.000010 0.050760 0.102422
0.859277 0.000010 0.068905 0.071808
0.825542 0.117022 0.052170 0.005266
0.852891 0.098451 0.019557 0.029101
0.708335 0.147370 0.069546 0.074749
0.772133 0.056349 0.123634 0.047884
0.844138 0.019520 0.072497 0.063844
0.856595 0.089815 0.023456 0.030135
0.842248 0.079034 0.041176 0.037542
0.831033 0.030103 0.077471 0.061393
0.843359 0.042500 0.035595 0.078546
0.875992 0.029074 0.075233 0.019701
0.848412 0.109246 0.003017 0.039325
0.071714 0.903467 0.000010 0.024809
0.485427 0.496196 0.018367 0.000010
0.492643 0.465781 0.041567 0.000010
0.867897 0.028789 0.101112 0.002202
0.885155 0.032734 0.051085 0.031026
0.906422 0.000010 0.086674 0.006893
0.638808 0.344330 0.016851 0.000010
0.737265 0.262715 0.000010 0.000010
0.580375 0.419605 0.000010 0.000010
0.568461 0.223860 0.133176 0.074502
0.480408 0.392309 0.074843 0.052440
0.765555 0.213330 0.001973 0.019143
0.725880 0.091131 0.116771 0.066218
0.714261 0.130267 0.060348 0.095123
0.826480 0.052339 0.076121 0.045061
0.826060 0.077905 0.000010 0.096025
0.764679 0.013119 0.166782 0.055419
0.867978 0.000010 0.042421 0.089591
0.809258 0.000010 0.123714 0.067018
0.842061 0.007554 0.072821 0.077565
0.826439 0.082846 0.063547 0.027168
0.846806 0.031712 0.052101 0.069381
0.826799 0.021336 0.102622 0.049243
0.011392 0.970770 0.017828 0.000010
0.843992 0.000010 0.108491 0.047507
0.772318 0.182409 0.040651 0.004622
0.816683 0.162597 0.000010 0.020710
0.000010 0.987328 0.000010 0.012652
0.000010 0.999970 0.000010 0.000010
0.000010 0.999970 0.000010 0.000010
0.000010 0.999970 0.000010 0.000010
0.016616 0.978898 0.000010 0.004476
0.000010 0.999970 0.000010 0.000010
0.000010 0.999970 0.000010 0.000010
0.000010 0.999970 0.000010 0.000010
0.000010 0.999970 0.000010 0.000010
0.000010 0.999970 0.000010 0.000010
0.000010 0.999970 0.000010 0.000010
0.000010 0.999970 0.000010 0.000010
0.141394 0.858586 0.000010 0.000010
0.000010 0.999970 0.000010 0.000010
0.000010 0.999970 0.000010 0.000010
0.000010 0.986720 0.000010 0.013260
0.000010 0.999694 0.000286 0.000010
0.000010 0.999970 0.000010 0.000010
0.000010 0.999970 0.000010 0.000010
0.000010 0.999970 0.000010 0.000010
0.139491 0.831717 0.000010 0.028782
0.000010 0.999970 0.000010 0.000010
0.000010 0.999970 0.000010 0.000010
0.155995 0.823904 0.000010 0.020091
0.324049 0.675931 0.000010 0.000010
0.000010 0.999970 0.000010 0.000010
0.000010 0.999970 0.000010 0.000010
0.000010 0.999970 0.000010 0.000010
0.000010 0.999970 0.000010 0.000010
0.000010 0.999970 0.000010 0.000010
0.022578 0.977402 0.000010 0.000010
0.000010 0.980815 0.014185 0.004990
0.000010 0.999970 0.000010 0.000010
0.000010 0.999970 0.000010 0.000010
0.000010 0.999970 0.000010 0.000010
0.000010 0.999970 0.000010 0.000010
0.000010 0.999970 0.000010 0.000010
0.000010 0.999970 0.000010 0.000010
0.000010 0.999970 0.000010 0.000010
0.000010 0.999970 0.000010 0.000010
0.018422 0.979783 0.000010 0.001785
0.000010 0.999970 0.000010 0.000010
0.000010 0.999970 0.000010 0.000010
0.797632 0.023436 0.024320 0.154613
0.000010 0.999970 0.000010 0.000010
0.000010 0.999970 0.000010 0.000010
0.000010 0.984422 0.000010 0.015558
0.000010 0.999970 0.000010 0.000010
0.737372 0.000010 0.063159 0.199459
0.000010 0.999970 0.000010 0.000010
0.000010 0.999970 0.000010 0.000010
0.000010 0.999970 0.000010 0.000010
0.000010 0.999970 0.000010 0.000010
0.015760 0.984220 0.000010 0.000010
0.000010 0.986323 0.000010 0.013657
0.000010 0.999970 0.000010 0.000010
0.617513 0.238199 0.044062 0.100227
0.410650 0.508686 0.050819 0.029844
0.589421 0.342598 0.000010 0.067971
0.639620 0.278305 0.000010 0.082065
0.323676 0.536065 0.109159 0.031101
0.219960 0.717696 0.062334 0.000010
0.731140 0.224595 0.019981 0.024284
0.727780 0.151437 0.049807 0.070975
0.698128 0.252801 0.008928 0.040143
0.670208 0.249959 0.000010 0.079823
0.603048 0.291557 0.000010 0.105386
0.658791 0.259732 0.000010 0.081467
0.595385 0.290469 0.053404 0.060742
0.599796 0.266933 0.039085 0.094187
0.738030 0.187851 0.011893 0.062225
0.764824 0.163350 0.021390 0.050436
0.559673 0.269340 0.068494 0.102493
0.523122 0.389798 0.000010 0.087070
